2112.04184
2202.07371
2203.13366
2205.08084
2206.09363
2210.06280
2302.03735
2303.13835
2303.14524
2304.03153
2304.03516
2304.03879
2304.07862
2304.09542
2304.10149
2305.00447
2305.02182
2305.03017
2305.04518
2305.05973
2305.06474
2305.06566
2305.07001
2305.07609
2305.07622
2305.07961
2305.08845
2305.11700
2305.12081
2305.13112
2305.15036
2305.15498
2305.15756
2305.19860
2306.02250
2306.02552
2306.02841
2306.05817
2306.10702
2306.10933
2306.11114
2307.00457
2307.02046
2307.02157
2307.05722
2307.09688
2307.14225
2307.15780
2307.16376
2308.06212
2308.08434
2308.09904
2308.10053
2308.10835
2308.10837
2308.14296
2308.15701
2308.16505
2309.01026
2309.01157
2309.02057
2310.06491
2310.07652
2310.10108
2310.15950
2310.20487
2311.00423
2311.01343
2311.02089
2311.06318
2312.02443
2312.02445
2401.11506
2401.13870
2402.08670
2402.08859
2402.09176
2402.09543
2402.09617
2402.09959
2402.10555
2402.11724
2402.18590
2403.01744
2403.04256
2403.04260
2403.05063
